
hungry        : 40.908333334714555
bladder       : 24.361111110895877
hygiene       : 50.73844086083031
entertainment : 59.980555556512286
energy        : 87.32465277665075
        
Battery: 60.62399999981984%