
hungry        : 45.22638888915602
bladder       : 23.616666666623097
hygiene       : 34.313440860286846
entertainment : 45.062500000174005
energy        : 70.87699652753658
        
Battery: 34.31049999987922%