
hungry        : 60.013888889069975
bladder       : 56.52222222213748
hygiene       : 34.52096774199947
entertainment : 37.88611111127636
energy        : 91.69470486094112
        
Battery: 74.39949999989527%