
hungry        : 85.75277777798594
bladder       : 59.61666666660983
hygiene       : 39.28575268824396
entertainment : 85.23750000010692
energy        : 70.02135416642322
        
Battery: 95.50799999997855%