
hungry        : 65.42222222234365
bladder       : 71.12777777775915
hygiene       : 90.11747311835211
entertainment : 67.94166666664185
energy        : 75.98263888864876
        
