
hungry        : 74.32638888895319
bladder       : 34.222222222210625
hygiene       : 60.016129032267145
entertainment : 32.80694444443076
energy        : 80.73090277769177
        
