
hungry        : 50.25416666669167
bladder       : 29.255555555593112
hygiene       : 60.84381720436269
entertainment : 24.858333333269314
energy        : 37.24687499991638
        
